# Created by Octave 3.4.3, Mon May 21 19:42:08 2012 FLE Daylight Time <unknown@unknown>
# name: all_theta
# type: matrix
# rows: 10
# columns: 401
 -3.248528132369273 0 0 8.657636596561918e-005 -0.0008000014959137916 -0.0008718428466841672 0.001403381772541556 -0.01731385085884193 -0.001025410656456344 0.0005507158410708437 0.0004718067167939619 6.995541310372957e-005 0.0003947873527975446 0.001758515697864932 0.001520027262261511 0.004196305634536555 0.005518983653316627 0.0004652376630687103 -7.873876157151193e-005 -9.042352482318353e-008 0 -1.634944562702097e-008 9.355235063667083e-006 -0.001099030978748068 0.009102832985028377 0.01044436172329189 0.001988075572666133 -0.0231926695863154 5.187378824881963e-005 0.0006165238782518928 -0.009251945477196693 -0.001169899231677035 -0.004388681602955825 -0.01921064797921483 -0.01127404442337427 -0.0378065863283969 -0.05174998893787781 0.006054604126826277 0.009488410294014772 0.000315896929616937 0.0001688011873020541 1.322598133470956e-007 -0.0002796033557557001 0.0003084639226016517 0.02625855562482889 0.06459412928139245 0.09585272722764657 0.09450067987246874 -0.05683796456261415 -0.08660693883944223 -0.02285081902036168 -0.03817922000926444 -0.005298127752461086 -0.05954959512332877 -0.1686819155710195 -0.2746751234655175 -0.2128618719599788 -0.04446605179109503 0.05042118355156271 0.0007029232893175937 -0.0003882429628880536 6.66524720329571e-007 0.001331978335687945 0.004805591278342954 -0.1654829311872803 -0.6032072728533404 -0.9387748288799094 -1.27239921628429 -0.7510995023017628 -0.8296533227821263 -0.0769700895580845 0.3367052095325339 -0.1099359661952767 -0.001464314980088433 -0.5253389973710701 -0.7076008902459763 -1.066846174609932 -1.443032226340966 -1.384200555226415 -0.0322313575663538 -0.01720059507532295 1.474109924830669e-006 0.006742691735004753 -0.05073107562470562 -0.159575679805151 -0.449308836637025 -2.972536410908873 -2.280256053462439 0.006125101234034691 1.383535881893554 2.064267551949829 0.007633287871724479 -0.501955348802839 0.1050872659774918 -1.029410341992588 -1.073003517489098 1.824426593980717 0.1828517010034486 -1.27730232059094 -0.2368364915114477 -0.03884416937376255 -1.71081790963902e-005 -0.01559662310189839 -0.126254859400149 1.559433829087127 0.1034719711750665 -0.7957653712593217 -1.475192207058132 -0.8362193870619581 2.307348771985734 1.518160823597086 -2.054523277523437 -1.266215169218098 -0.1368487349129485 -1.582941542274581 -1.627181661472345 3.892841268060742 0.9349575517480538 -3.197428577734882 -0.6779591234793251 -0.04488528186754692 -0.0001550063917404149 0.01391900831785372 -0.7966561895760599 -0.3426334475920735 -0.5688206860892728 -1.418119239887025 -0.6274932436270065 -1.026022296317133 -0.6217321712351936 -1.177843425698011 -0.9804969772503658 -0.668135909525776 -0.19012314219765 -0.8792213792237507 -1.821039678306901 -1.888249239105207 -0.02791836158498589 -1.788247941471177 -1.117194308892757 -0.02882385257307191 -0.0008271003197274994 0.04782632065287703 -1.575669387331458 -2.696994323980309 -0.8495631119139048 -1.058174228340303 0.08433328030970608 -0.79271900569037 0.7636056550131292 -2.241879314351944 -2.273909134876268 -1.20924282019471 -2.312555074272133 1.452782117068618 2.246035166475847 -0.8893868095825052 -0.05709496094197581 0.02775230405432162 -2.500029216246955 0.0003457916892465757 0.0201418650272852 -0.2481759905912022 -1.228005059225591 -0.540493261781855 -1.833263574722919 -1.337372603757656 0.2066541570622247 0.1072690619519119 -0.3996458026040978 -2.177211020967509 -0.4731212376404045 0.6483021292709544 -0.8254840701543017 -1.949172867557981 0.5242651696336795 -0.1475584075430297 -1.012782918642096 -1.587250794362093 -2.93944342658039 -0.4404217839679541 0.04165704188037344 -0.4733233228711092 -0.2254341497611415 -0.710426431963426 -0.8714083736168121 -0.4049928778078145 -0.2488928463651908 0.187790921422131 0.4699144763029827 0.4907316180361621 1.098070847164269 0.6831324856725681 0.9696723220286132 0.7021036931446912 0.1640344061924255 -1.463470974197704 -0.2243814323380162 -0.2605282178238266 -2.155214010449351 -0.1254802655777708 0.02732182676105552 -0.2610492642964017 0.7324437459821657 -1.448170940456736 -2.413929108603746 0.3345984797985625 -0.4307480964432543 0.5670516221517248 2.972715299941176 2.976654964316255 2.092938991902395 2.392052441229926 -0.05312763647903178 1.316527898065763 -0.0659512810602311 0.1176070154692615 -0.2727397938324278 -1.559532731463453 -1.659420128354946 0.04714496523867193 0.007978791358549786 -0.1580403827371206 0.4983799568853789 2.132822700422287 0.6127083431679458 -0.5469001579099666 -0.9569000772717692 1.889435214212226 1.344010048169963 0.473749719739301 -1.01692277506565 0.1707113996141236 -1.909873893346907 -1.173622620636694 0.6519907551211973 0.8912932081028706 0.8408846453502439 -2.752483011028209 -1.842893875841545 -0.05394648600817734 0.02178431369414905 -0.1848893998477154 -2.322573688439364 -2.829773938660314 -1.528862759371341 -2.065616518279931 -0.4509239395949907 0.02970003072949854 0.124994105068526 0.1038642605350358 0.8831401644765124 1.148896697872336 -0.9302074852737998 -0.7787586995078262 -1.214945076821037 -1.218580232005013 2.228576358953553 0.7027304861768842 -0.8858825174062412 -0.115770969181834 0.01740294336237798 -0.2387074708336587 -0.8975856455322527 1.493985755350864 0.6462939975807074 1.865349246453662 -0.8849274162584221 -1.24667929400477 1.28377607101897 -1.393296048213129 -1.294184263886398 -2.491805748401285 -1.331612031675806 1.280506054133467 1.659971604733261 -0.8248168013074162 1.220994441708479 0.3372592170871265 -0.7536057759100342 -0.03734606714556657 0.002483145419401309 -0.01629759148003034 -0.5321868697532679 -0.6067863941517992 -0.2183436975658488 -0.5517254731611592 -1.039060634355993 -0.7204446250960628 -2.32727605496508 -2.09215745143195 -1.081220583617007 -1.940020865139441 -1.362747565109794 1.858482900616426 -0.8729360203854305 -0.2663006779268602 2.165698253384404 -1.196172761965431 -0.6684180536694319 -0.03953878823724486 -0.0001589049600142874 0.01725326414811887 -0.1601531417767623 -1.214195129439457 -1.134879083643593 0.9918199159544419 -0.3389996231732628 -1.457732196548795 -1.212678648155632 -0.9107733922051268 -1.285002530731618 -1.662191828611056 -1.559919460660151 -1.398861165581393 -0.6469383249872526 0.5458670263843889 0.113642425523076 -1.395517314441945 -0.01568932253231991 -0.008079639850629834 -1.231417212147398e-005 -0.01208629054926323 0.08375204349810841 0.6740575787234198 -0.9947291803423589 -0.9945300967471041 -1.189049214264779 -0.9505234306187701 -0.4503392881189125 -0.3115535583392836 -0.1823420884074135 -0.3225329386107211 -0.8817269512074571 0.2692867575350468 0.7864107025881395 0.1683597177072793 -0.5848706058538479 -0.4310862447935831 -0.01298244079806925 -0.006531449995992818 9.483270924804217e-006 -0.005931198524416569 0.04049795140672065 0.362176173173024 -0.9661168439696789 -1.367381549823347 -0.702277671134626 0.009352053366584644 -0.01232953413561558 -0.2658781329375662 -0.04084790255510366 -0.116132012498656 -0.3267087419325873 0.5154106720135845 2.408754197969495 2.65652217912682 0.6170714541345309 -0.221164771899266 -0.01340888120523823 0.0002897158304876925 -3.317607402228224e-007 0.0007640325057366185 0.002660212308660818 -0.09575263315319214 -0.3692254835150328 -0.1390823742288532 -0.1629791258763053 0.6419122704606561 0.4855274705709292 -0.1286845634011659 0.2544458889604708 0.03297271119469763 -0.1035268878740082 -0.001877096248044782 0.5174330801879737 1.689875385789066 0.4426714333605986 -0.04496878540114507 0.0007762793552786876 8.014524606522833e-005 0 -4.391966123067101e-005 0.001087455788556317 -0.005899266425880171 0.009067821180255455 -0.005180479201911343 0.005999600689266546 -0.06118651544685049 -0.05416396131125806 0.004146793392948602 0.04525431377221412 0.001649613428621407 0.06217295555790948 0.3227959095850915 -0.01462769207636829 -0.1541308008308158 